test_return_mean : 1.640625
return_mean : 1.328125
return_std : 3.616605312219596
episode_limit_mean : 1.0
ep_length_mean : 200.0
episode_completion_mean : 0.000625
test_return_std : 4.468176318071501
test_episode_limit_mean : 1.0
test_ep_length_mean : 200.0
test_episode_completion_mean : 0.0006640625
