test_return_mean : 2.421875
return_mean : 1.484375
return_std : 3.5553313290571107
episode_limit_mean : 1.0
ep_length_mean : 200.0
episode_completion_mean : 0.0007421875000000001
test_return_std : 4.634465609363716
test_episode_limit_mean : 1.0
test_ep_length_mean : 200.0
test_episode_completion_mean : 0.0011328125000000004
