individiaul_timesteps: 6458147 6182450 6444188 6579200 
meta_loss : -0.12021358497440815
test_return_mean : 55.64453125
