individiaul_timesteps: 4494109 4276540 4492008 4531200 
meta_loss : -0.10812323167920113
test_return_mean : 41.30859375
