individiaul_timesteps: 4966400 4966400 4966400 4966400 
meta_loss : -0.07988285599276423
test_return_mean : 81.953125
