individiaul_timesteps: 3687233 3483105 3700996 3712000 
meta_loss : -0.1363079734146595
test_return_mean : 50.87890625
