individiaul_timesteps: 1689600 1689600 1689600 1689600 
meta_loss : -0.028727169265039265
test_return_mean : 7.765625
