individiaul_timesteps: 7940565 7779668 7944080 8217600 
meta_loss : -0.06878005247563124
test_return_mean : 56.50390625
