individiaul_timesteps: 844204 844524 842559 844800 
meta_loss : -0.040337180718779564
test_return_mean : 59.53125
