individiaul_timesteps: 435200 435200 435200 435200 
meta_loss : -0.019713431713171303
test_return_mean : 28.2421875
