test_return_mean : 3.984375
return_mean : 1.171875
return_std : 3.877235998024237
episode_limit_mean : 1.0
ep_length_mean : 200.0
episode_completion_mean : 0.0005078124999999999
test_return_std : 6.038915950679807
test_episode_limit_mean : 1.0
test_ep_length_mean : 200.0
test_episode_completion_mean : 0.0016796875000000008
