test_return_mean : 2.34375
return_mean : 3.90625
return_std : 6.025256088955888
episode_limit_mean : 1.0
ep_length_mean : 200.0
episode_completion_mean : 0.0016796875000000008
test_return_std : 4.757292921136978
test_episode_limit_mean : 1.0
test_ep_length_mean : 200.0
test_episode_completion_mean : 0.0010546875000000003
