individiaul_timesteps: 1662112 1637811 1655319 1664000 
meta_loss : -0.06034245900809765
test_return_mean : 51.15234375
