test_return_mean : 1.71875
return_mean : 2.734375
return_std : 5.110473887945716
episode_limit_mean : 1.0
ep_length_mean : 200.0
episode_completion_mean : 0.0012109375000000004
test_return_std : 4.349815908460955
test_episode_limit_mean : 1.0
test_ep_length_mean : 200.0
test_episode_completion_mean : 0.0007421875000000001
