individiaul_timesteps: 4878617 4675697 4883481 4940800 
meta_loss : -0.08811984583735466
test_return_mean : 56.796875
