individiaul_timesteps: 3328000 3328000 3328000 3328000 
meta_loss : -0.06431064172647893
test_return_mean : 23.265625
