individiaul_timesteps: 2472517 2421914 2473041 2483200 
meta_loss : -0.06996019743382931
test_return_mean : 54.19921875
