test_return_mean : 1.796875
return_mean : 1.796875
return_std : 4.226699685851243
episode_limit_mean : 1.0
ep_length_mean : 200.0
episode_completion_mean : 0.0008203125000000002
test_return_std : 4.748946223571604
test_episode_limit_mean : 1.0
test_ep_length_mean : 200.0
test_episode_completion_mean : 0.0007421875000000001
