test_return_mean : 4.453125
return_mean : 2.34375
return_std : 4.757292921136978
episode_limit_mean : 1.0
ep_length_mean : 200.0
episode_completion_mean : 0.0010546875000000003
test_return_std : 8.460255772396897
test_episode_limit_mean : 1.0
test_ep_length_mean : 200.0
test_episode_completion_mean : 0.0015234375000000007
