individiaul_timesteps: 9881600 9881600 9881600 9881600 
meta_loss : -0.16470770351588726
test_return_mean : 174.578125
