individiaul_timesteps: 4096749 3867029 4108022 4121600 
meta_loss : -0.12982196174561977
test_return_mean : 44.31640625
