test_return_mean : 0.236328125
return_mean : 0.228515625
return_std : 0.07006793404160976
ep_length_mean : 50.0
episode_completion_mean : 0.018281250000000013
test_return_std : 0.05684231332365331
test_ep_length_mean : 50.0
test_episode_completion_mean : 0.018906250000000013
