individiaul_timesteps: 5662950 5443210 5644083 5760000 
meta_loss : -0.10056022647768259
test_return_mean : 55.15625
