test_return_mean : 0.248046875
return_mean : 0.24609375
return_std : 0.031004898176538172
ep_length_mean : 50.0
episode_completion_mean : 0.019687500000000014
test_return_std : 0.022010600917157508
test_ep_length_mean : 50.0
test_episode_completion_mean : 0.019843750000000014
