individiaul_timesteps: 3277711 3135556 3291753 3302400 
meta_loss : -0.13327800016850233
test_return_mean : 44.51171875
