individiaul_timesteps: 1252733 1252775 1245926 1254400 
meta_loss : -0.07769520813599229
test_return_mean : 47.59765625
