individiaul_timesteps: 2067136 2024334 2064497 2073600 
meta_loss : -0.08231648616492748
test_return_mean : 46.015625
