individiaul_timesteps: 51200 51200 51200 51200 
meta_loss : -0.1162442202330567
test_return_mean : 0.328125
