individiaul_timesteps: 2868111 2777226 2882606 2892800 
meta_loss : -0.08383159432560205
test_return_mean : 54.2578125
