test_return_mean : 2.265625
return_mean : 2.34375
return_std : 4.590134631740119
episode_limit_mean : 1.0
ep_length_mean : 200.0
episode_completion_mean : 0.0010937500000000003
test_return_std : 4.875776180196851
test_episode_limit_mean : 1.0
test_ep_length_mean : 200.0
test_episode_completion_mean : 0.0009765625000000002
