individiaul_timesteps: 6060946 5801222 6041730 6169600 
meta_loss : -0.1267228927463293
test_return_mean : 55.13671875
