individiaul_timesteps: 7236529 6960468 7233632 7398400 
meta_loss : -0.09622770873829722
test_return_mean : 48.0859375
