test_return_mean : 0.181640625
return_mean : 0.0625
return_std : 0.10825317547305482
ep_length_mean : 50.0
episode_completion_mean : 0.005000000000000002
test_return_std : 0.11143087363746806
test_ep_length_mean : 50.0
test_episode_completion_mean : 0.01453125000000001
