individiaul_timesteps: 25600 25600 25600 25600 
meta_loss : -0.05374994908925146
test_return_mean : 7.36328125
