test_return_mean : 0.068359375
return_mean : 0.0
return_std : 0.0
ep_length_mean : 50.0
episode_completion_mean : 0.0
test_return_std : 0.11143087363746806
test_ep_length_mean : 50.0
test_episode_completion_mean : 0.005468750000000002
