individiaul_timesteps: 7583748 7370068 7595029 7808000 
meta_loss : -0.08104157447814941
test_return_mean : 40.13671875
