individiaul_timesteps: 5277707 5058933 5260680 5350400 
meta_loss : -0.12056863214820623
test_return_mean : 55.4296875
