individiaul_timesteps: 8177234 8035663 8177699 8473600 
meta_loss : -0.07495089946314692
test_return_mean : 50.546875
