individiaul_timesteps: 6831081 6580915 6846478 6988800 
meta_loss : -0.09558927360922098
test_return_mean : 56.484375
